0                                                                             80
0                                                                             80
0                                                                             80
0                                                                             80
0                                                                             80
0                                                                             80
0                                                                             80
0                                                                             80
0                                                                             80
0                                                                             80
0                                                                             80
0                                                                             80
0                                                                             80
0                                                                             80
0                                                                             80
0                                                                             80
0                                                                             80
0                                                                             80
0                                           SELinux                           80
0                                                                             80
0                                                                             80
0                                                                             80
0                                                                             80
0                                                                             80
0                                                                             80
0                                                                             80
0                                                                             80
0                                                                             80
0                                                                             80
0                                                                             80
0                                                                             80
0                                                                             80
0                                                                             80
0                                                                             80
0                                                                             80
0                                                                             80
0                                                                             80
0                 cc_migrator                                                 80
0                                                                             80
0                                                                             80
0                                                                             80
0                                                                             80
0                                                                             80
0                                                                             80
0                                                                             80
0                                                                             80
0                                                                             80
0                                                                             80
0                                                                             80
0                                                                             80
0                                        80XX
